 1980 0.70
 1980.08333333333 0.50
 1980.16666666667 -0.70
 1980.25 -1.00
 1980.33333333333 -0.00
 1980.41666666667 -0.00
 1980.5 -0.10
 1980.58333333333 0.60
 1980.66666666667 -0.80
 1980.75 0.00
 1980.83333333333 -0.60
 1980.91666666667 -0.10
 1981 0.60
 1981.08333333333 -0.30
 1981.16666666667 -2.10
 1981.25 -0.20
 1981.33333333333 1.30
 1981.41666666667 2.00
 1981.5 1.40
 1981.58333333333 1.20
 1981.66666666667 0.50
 1981.75 -0.60
 1981.83333333333 0.30
 1981.91666666667 0.80
 1982 2.00
 1982.08333333333 0.40
 1982.16666666667 1.00
 1982.25 0.10
 1982.33333333333 -0.60
 1982.41666666667 -1.70
 1982.5 -2.50
 1982.58333333333 -2.90
 1982.66666666667 -2.90
 1982.75 -2.80
 1982.83333333333 -4.30
 1982.91666666667 -3.70
 1983 -5.80
 1983.08333333333 -6.00
 1983.16666666667 -4.00
 1983.25 -1.50
 1983.33333333333 1.00
 1983.41666666667 0.10
 1983.5 -1.00
 1983.58333333333 0.20
 1983.66666666667 1.40
 1983.75 0.70
 1983.83333333333 -0.20
 1983.91666666667 0.00
 1984 0.30
 1984.08333333333 1.40
 1984.16666666667 -0.40
 1984.25 0.60
 1984.33333333333 0.30
 1984.41666666667 -0.60
 1984.5 0.30
 1984.58333333333 0.70
 1984.66666666667 0.20
 1984.75 -0.50
 1984.83333333333 0.40
 1984.91666666667 -0.20
 1985 -0.50
 1985.08333333333 2.00
 1985.16666666667 1.30
 1985.25 1.90
 1985.33333333333 0.70
 1985.41666666667 -0.60
 1985.5 -0.20
 1985.58333333333 1.60
 1985.66666666667 0.00
 1985.75 -0.60
 1985.83333333333 -0.30
 1985.91666666667 0.40
 1986 1.60
 1986.08333333333 -1.70
 1986.16666666667 0.80
 1986.25 0.50
 1986.33333333333 -0.40
 1986.41666666667 1.60
 1986.5 0.50
 1986.58333333333 -0.60
 1986.66666666667 -0.80
 1986.75 1.10
 1986.83333333333 -2.00
 1986.91666666667 -2.40
 1987 -1.10
 1987.08333333333 -2.10
 1987.16666666667 -2.10
 1987.25 -2.30
 1987.33333333333 -2.10
 1987.41666666667 -1.80
 1987.5 -2.20
 1987.58333333333 -1.50
 1987.66666666667 -1.70
 1987.75 -0.60
 1987.83333333333 -0.00
 1987.91666666667 -0.80
 1988 -0.20
 1988.08333333333 -0.60
 1988.16666666667 1.10
 1988.25 0.20
 1988.33333333333 1.50
 1988.41666666667 0.10
 1988.5 1.70
 1988.58333333333 2.50
 1988.66666666667 3.00
 1988.75 2.30
 1988.83333333333 2.80
 1988.91666666667 2.00
 1989 2.50
 1989.08333333333 2.00
 1989.16666666667 1.80
 1989.25 2.70
 1989.33333333333 2.00
 1989.41666666667 1.20
 1989.5 1.50
 1989.58333333333 -0.50
 1989.66666666667 0.80
 1989.75 1.30
 1989.83333333333 -0.40
 1989.91666666667 -0.90
 1990 -0.10
 1990.08333333333 -3.00
 1990.16666666667 -0.70
 1990.25 0.30
 1990.33333333333 2.00
 1990.41666666667 0.50
 1990.5 0.90
 1990.58333333333 -0.30
 1990.66666666667 -1.20
 1990.75 0.40
 1990.83333333333 -0.80
 1990.91666666667 -0.40
 1991 1.00
 1991.08333333333 0.40
 1991.16666666667 -1.10
 1991.25 -1.00
 1991.33333333333 -1.70
 1991.41666666667 -0.20
 1991.5 0.00
 1991.58333333333 -0.70
 1991.66666666667 -2.50
 1991.75 -1.70
 1991.83333333333 -1.10
 1991.91666666667 -2.90
 1992 -4.70
 1992.08333333333 -1.50
 1992.16666666667 -3.30
 1992.25 -1.70
 1992.33333333333 0.40
 1992.41666666667 -1.00
 1992.5 -1.00
 1992.58333333333 0.60
 1992.66666666667 0.10
 1992.75 -2.30
 1992.83333333333 -1.10
 1992.91666666667 -0.90
 1993 -1.50
 1993.08333333333 -1.20
 1993.16666666667 -0.80
 1993.25 -1.90
 1993.33333333333 -0.60
 1993.41666666667 -1.40
 1993.5 -1.30
 1993.58333333333 -1.60
 1993.66666666667 -1.20
 1993.75 -1.80
 1993.83333333333 -0.10
 1993.91666666667 0.30
 1994 -0.20
 1994.08333333333 0.40
 1994.16666666667 -1.10
 1994.25 -2.10
 1994.33333333333 -1.10
 1994.41666666667 -0.70
 1994.5 -2.20
 1994.58333333333 -2.00
 1994.66666666667 -2.60
 1994.75 -1.90
 1994.83333333333 -0.90
 1994.91666666667 -2.00
 1995 -0.70
 1995.08333333333 -0.20
 1995.16666666667 1.20
 1995.25 -1.10
 1995.33333333333 -0.60
 1995.41666666667 0.20
 1995.5 0.70
 1995.58333333333 0.50
 1995.66666666667 0.40
 1995.75 0.00
 1995.83333333333 0.10
 1995.91666666667 -0.80
 1996 1.60
 1996.08333333333 0.40
 1996.16666666667 1.90
 1996.25 1.30
 1996.33333333333 0.50
 1996.41666666667 1.90
 1996.5 1.10
 1996.58333333333 1.20
 1996.66666666667 1.00
 1996.75 1.00
 1996.83333333333 -0.10
 1996.91666666667 1.50
 1997 0.80
 1997.08333333333 2.90
 1997.16666666667 -0.70
 1997.25 -1.00
 1997.33333333333 -2.20
 1997.41666666667 -2.30
 1997.5 -1.20
 1997.58333333333 -2.40
 1997.66666666667 -2.40
 1997.75 -2.40
 1997.83333333333 -2.00
 1997.91666666667 -1.60
 1998 -4.40
 1998.08333333333 -3.40
 1998.16666666667 -4.00
 1998.25 -2.40
 1998.33333333333 0.40
 1998.41666666667 1.60
 1998.5 2.00
 1998.58333333333 1.90
 1998.66666666667 1.70
 1998.75 1.80
 1998.83333333333 1.70
 1998.91666666667 2.30
 1999 3.00
 1999.08333333333 1.60
 1999.16666666667 2.10
 1999.25 2.30
 1999.33333333333 0.40
 1999.41666666667 0.40
 1999.5 0.90
 1999.58333333333 0.60
 1999.66666666667 -0.10
 1999.75 1.60
 1999.83333333333 1.70
 1999.91666666667 2.40
 2000 1.10
 2000.08333333333 2.70
 2000.16666666667 2.20
 2000.25 2.00
 2000.33333333333 0.60
 2000.41666666667 -0.30
 2000.5 -0.30
 2000.58333333333 1.20
 2000.66666666667 1.40
 2000.75 1.80
 2000.83333333333 3.00
 2000.91666666667 1.30
 2001 1.60
 2001.08333333333 2.80
 2001.16666666667 1.50
 2001.25 0.30
 2001.33333333333 -0.80
 2001.41666666667 0.50
 2001.5 -0.30
 2001.58333333333 -0.70
 2001.66666666667 0.30
 2001.75 -0.10
 2001.83333333333 1.10
 2001.91666666667 -1.40
 2002 0.70
 2002.08333333333 1.80
 2002.16666666667 -0.40
 2002.25 -0.10
 2002.33333333333 -1.40
 2002.41666666667 -0.40
 2002.5 -0.80
 2002.58333333333 -1.60
 2002.66666666667 -1.00
 2002.75 -0.60
 2002.83333333333 -0.70
 2002.91666666667 -1.80
 2003 -0.30
 2003.08333333333 -1.10
 2003.16666666667 -0.50
 2003.25 -0.20
 2003.33333333333 -0.50
 2003.41666666667 -1.00
 2003.5 0.50
 2003.58333333333 0.20
 2003.66666666667 -0.20
 2003.75 0.00
 2003.83333333333 -0.50
 2003.91666666667 1.80
 2004 -2.20
 2004.08333333333 2.00
 2004.16666666667 0.70
 2004.25 -1.50
 2004.33333333333 1.70
 2004.41666666667 -1.40
 2004.5 -0.80
 2004.58333333333 -0.50
 2004.66666666667 -0.60
 2004.75 -0.10
 2004.83333333333 -1.10
 2004.91666666667 -1.30
 2005 0.60
 2005.08333333333 -5.20
 2005.16666666667 0.50
 2005.25 -1.00
 2005.33333333333 -1.30
 2005.41666666667 0.70
 2005.5 0.30
 2005.58333333333 -0.60
 2005.66666666667 0.60
 2005.75 2.00
 2005.83333333333 -0.30
 2005.91666666667 -0.00
 2006 2.70
 2006.08333333333 0.20
 2006.16666666667 2.90
 2006.25 1.80
 2006.33333333333 -0.80
 2006.41666666667 -0.40
 2006.5 -1.00
 2006.58333333333 -1.70
 2006.66666666667 -1.00
 2006.75 -2.10
 2006.83333333333 0.10
 2006.91666666667 -0.50
 2007 -1.30
 2007.08333333333 -0.10
 2007.16666666667 0.30
 2007.25 -0.20
 2007.33333333333 -0.20
 2007.41666666667 0.90
 2007.5 -0.50
 2007.58333333333 0.70
 2007.66666666667 0.30
 2007.75 1.20
 2007.83333333333 1.40
 2007.91666666667 2.70
 2008 2.90
 2008.08333333333 4.40
 2008.16666666667 2.40
 2008.25 1.10
 2008.33333333333 -0.10
 2008.41666666667 1.00
 2008.5 0.50
 2008.58333333333 1.70
 2008.66666666667 2.00
 2008.75 2.10
 2008.83333333333 2.20
 2008.91666666667 2.40
 2009 1.80
 2009.08333333333 3.10
 2009.16666666667 0.70
 2009.25 1.30
 2009.33333333333 -0.20
 2009.41666666667 0.20
 2009.5 0.40
 2009.58333333333 -0.30
 2009.66666666667 0.50
 2009.75 -2.00
 2009.83333333333 -1.00
 2009.91666666667 -1.20
 2010 -1.80
 2010.08333333333 -2.40
 2010.16666666667 -1.10
 2010.25 2.00
 2010.33333333333 1.50
 2010.41666666667 0.60
 2010.5 3.00
 2010.58333333333 3.00
 2010.66666666667 3.70
 2010.75 2.90
 2010.83333333333 2.10
 2010.91666666667 4.80
 2011 3.80
 2011.08333333333 4.50
 2011.16666666667 4.20
 2011.25 3.10
 2011.33333333333 0.60
 2011.41666666667 0.40
 2011.5 1.60
 2011.58333333333 0.70
 2011.66666666667 1.70
 2011.75 1.20
 2011.83333333333 1.80
 2011.91666666667 4.10
 2012 1.80
 2012.08333333333 0.80
 2012.16666666667 1.20
 2012.25 -0.40
 2012.33333333333 0.10
 2012.41666666667 -0.70
 2012.5 -0.10
 2012.58333333333 -0.30
 2012.66666666667 0.40
 2012.75 0.50
 2012.83333333333 0.40
 2012.91666666667 -1.00
 2013 -0.10
 2013.08333333333 -0.40
 2013.16666666667 2.50
 2013.25 0.40
 2013.33333333333 1.30
 2013.41666666667 2.00
 2013.5 1.30
 2013.58333333333 0.30
 2013.66666666667 0.50
 2013.75 -0.10
 2013.83333333333 1.20
 2013.91666666667 0.10
 2014 2.40
 2014.08333333333 0.10
 2014.16666666667 -1.50
 2014.25 1.30
 2014.33333333333 0.90
 2014.41666666667 0.30
 2014.5 -0.30
 2014.58333333333 -1.20
 2014.66666666667 -1.20
 2014.75 -1.00
 2014.83333333333 -1.50
 2014.91666666667 -0.90
 2015 -1.40
 2015.08333333333 0.40
 2015.16666666667 -1.20
 2015.25 -0.10
 2015.33333333333 -1.20
 2015.41666666667 -0.90
 2015.5 -1.90
 2015.58333333333 -2.40
 2015.66666666667 -2.70
 2015.75 -2.80
 2015.83333333333 -0.80
 2015.91666666667 -0.90
 2016 -3.60
 2016.08333333333 -3.20
 2016.16666666667 -0.10
 2016.25 -2.00
 2016.33333333333 0.70
 2016.41666666667 1.10
 2016.5 0.70
 2016.58333333333 1.20
 2016.66666666667 2.00
 2016.75 -0.40
 2016.83333333333 -0.20
 2016.91666666667 0.50
 2017 0.30
 2017.08333333333 -0.10
 2017.16666666667 1.50
 2017.25 -0.30
 2017.33333333333 0.40
 2017.41666666667 -0.70
 2017.5 1.30
 2017.58333333333 0.90
 2017.66666666667 1.00
 2017.75 1.50
 2017.83333333333 1.50
 2017.91666666667 -0.20
 2018 1.80
 2018.08333333333 -0.80
 2018.16666666667 2.40
 2018.25 0.80
 2018.33333333333 0.60
 2018.41666666667 -0.20
 2018.5 0.40
 2018.58333333333 -0.50
 2018.66666666667 -1.50
 2018.75 0.60
 2018.83333333333 -0.10
 2018.91666666667 1.70
 2019 -0.10
 2019.08333333333 -2.30
 2019.16666666667 -0.50
 2019.25 0.20
 2019.33333333333 -0.70
 2019.41666666667 -0.70
 2019.5 -0.60
 2019.58333333333 -0.20
 2019.66666666667 -1.90
 2019.75 -0.60
 2019.83333333333 -1.40
 2019.91666666667 -0.90